16
19
24
31
58
103
175
179
266
292
372
393
406
498
604
605
628
645
804
805
806
830
836
849
852
859
869
889
918
922
924
963
980
987
1000
1001
1010
1036
1055
1076
1084
1108
1117
1120
1129
1135
1140
1141
1144
1177
1194
1263
1264
1274
1301
1302
1303
1309
1321
1322
1372
1384
1413
1439
1449
1457
1487
1504
1522
1528
1602
1610
1611
1612
1626
1640
1659
1668
1691
1830
1834
1836
1845
1852
1858
1879
1883
1900
1901
1904
1913
1914
1915
1925
1937
1939
1954
1975
1982
2064
2065
2074
2075
2076
2089
2114
2136
2140
2174
2232
2244
2279
2292
2294
2350
2379
2381
2496
2512
2523
2537
2538
2556
2582
2583
2590
2618
2625
2632
2633
2716
2722
2723
2738
2748
2767
2772
2776
2782
2822
2896
2900
4030
4031
4053
4056
4057
4065
4072
4086
4106
4110
4138
4164
4169
4199
4215
4226
4240
4255
4263
4287
4288
4326
4327
4335
4403
4432
4451
4459
5007
5036
5037
5038
5218
5257
5258
5270
5271
5284
5326
5391
5418
5431
5435
5436
5437
5439
5440
5441
6010
6011
6027
6031
6035
6036
6037
6038
6039
6058
6063
6070
6085
6086
6109
6178
6179
6183
6254
6293
6311
8001
8044
8054
8061
8092
8093
8094
8105
8150
8179
8193
8194
8200
8212
8284
8285
9001
9003
9008
9021
9022
9023
9032
9122
9136
9151
9167
9169
9315
9347
9356
9382
9386
9423
9460
9468
9496
9508
9518
9532
9533
9535
9588
9592
9594
9596
9597
9598
9599
9676
9679
9701
9702
9703
9704
9705
9706
9707
9708
9710
9752
9783
9852
9853
9854
9855
9865
9866
9875
9886
9891
9895
9907
9920
9925
9926
9927
9928
9986
9987
10004
10042
10051
10072
10104
10137
10141
10142
10171
10179
10180
10181
10182
10185
10206
10243
10289
10290
10302
10326
10331
10332
10341
10342
10346
10354
10355
10383
10393
10416
10452
10462
10474
10486
10504
10509
12111
12134
14005
14077
14083
14087
14092
14093
14094
14104
14107
14119
14144
14146
14155
14158
14197
14209
14213
14218
14246
14247
14266
14321
14324
14332
14334
14340
14344
14363
14377
15010
15011
15017
15057
15071
15082
15087
15090
15092
15108
15145
15147
15165
15169
15194
15195
15196
15198
15203
15221
15225
15245
15246
15289
15320
15336
15372
15373
15422
15423
15424
15425
15432
15433
15450
15453
15454
15472
15497
15535
15537
15586
15590
15591
15674
15691
15699
15715
15770
15772
15773
15775
15776
15777
15795
15800
15805
15836
15855
15858
15865
15869
15874
15880
15889
15932
15934
15935
15936
15943
15949
15950
15951
15952
15959
15961
15970
15984
16005
16013
16029
16031
16052
16070
16080
16083
16107
16121
16124
16127
16138
16141
16143
16146
16152
16171
16217
16254
16255
16296
16339
16340
16388
16397
16399
16413
16458
16543
16545
16556
16567
16576
16608
16611
16616
16621
16633
16640
16641
16661
16691
16692
16700
16701
16714
16727
16729
16741
16752
16765
16783
16795
16797
16810
16826
16829
16844
16845
16850
16872
16879
16892
16899
16904
16907
16916
16925
16933
16952
16959
16970
16972
16976
17003
17007
17046
18007
18022
18114
18115
18120
18135
18151
18191
18199
18202
18305
18307
18311
18317
19001
19047
19075
19076
19077
19078
20003
20041
20053
20069
20114
20129
20140
20145
20157
20172
20191
20223
20228
20229
20275
20293
20294
20321
20322
20354
20436
20500
20572
20590
20597
20713
20748
20805
20835
20851
20862
21016
21026
21054
21069
21072
21080
21081
21110
21111
22065
22096
22109
22110
22111
22112
22113
22114
22118
22127
22143
22199
22200
22260
22284
22325
22351
22392
22395
22396
22411
22501
23076
23081
23109
23110
23134
23141
23167
23183
23184
23194
23204
23205
23291
23308
23319
23320
23321
23322
23323
23336
23347
23430
23477
23483
23536
23563
23586
23588
23591
23597
23651
23653
23699
23723
23743
23744
23750
23756
23769
23770
23771
23874
23897
23929
23932
23961
23991
23994
23998
24013
24014
24018
24034
24041
24043
24054
24068
24082
24096
24112
24151
24185
24216
24227
24236
24246
24252
24270
24275
24276
24360
24377
24380
24381
24405
24426
24442
24479
24482
24523
24526
24527
24568
24570
24571
24587
24594
24608
24610
24625
24640
24710
24711
24717
24740
24741
24742
24781
24783
24789
24818
24859
24894
24926
24982
24983
24984
24985
25000
25001
25005
25015
25016
25018
25025
25031
25124
25324
25392
25404
25505
25511
25519
25520
25522
25533
25550
25578
25579
25596
25601
25602
25603
25615
25676
25680
25694
25697
25700
25702
25708
25711
25723
25754
25766
25767
25769
25784
25838
26024
26048
26058
26059
26060
26067
26076
26111
26168
26191
26223
26228
26234
26305
26318
26402
26453
26454
26458
26459
26460
26461
26462
26482
26491
26511
26560
26561
26582
26583
26586
26594
26604
26606
26623
26626
26632
26640
26643
26661
26676
26684
26689
26690
26692
26693
26694
26695
26698
26699
26700
26703
26704
26705
26708
26710
26712
26713
26718
26735
26748
26749
26755
26756
26764
26803
26807
26839
26861
26871
26885
26886
26889
26914
26934
26989
26992
27045
27046
27047
27048
27049
27114
27119
27120
27121
27136
27154
27200
27293
27315
27327
27330
27339
27341
27342
27343
27344
27345
27357
27409
27425
27426
27441
27467
27482
27484
27511
27530
27560
27599
27689
27690
27694
27695
27730
27745
27771
27777
27791
27799
27800
27827
27856
27867
27869
27874
27949
27955
27961
27962
27965
27966
27967
27968
27969
27970
27971
27972
27973
27974
27975
27976
27977
27985
28018
28019
28020
28077
28096
28134
28145
28146
28154
28155
28179
28208
28211
28215
28222
28272
28318
28328
28342
28355
28372
28373
28388
28398
28471
28501
28505
28506
28533
28534
28552
28584
28585
28586
28587
28588
28589
28590
28597
28598
28600
28601
28603
28617
28618
28619
28620
28624
28675
28711
28744
28779
28780
28830
28831
28834
28837
28848
28849
28850
28851
28852
28853
28854
28892
28910
28930
28949
28950
29003
29006
29007
29026
29027
29028
29029
29030
29031
29033
29037
29045
29047
29049
29081
29096
29113
29114
29117
29118
29119
29120
29122
29131
29140
29143
29145
29146
29147
29148
29153
29154
29226
29262
29268
29280
29308
29321
29330
29343
29359
29364
29365
29366
29407
29443
29506
29538
29545
29546
29547
29548
29549
29550
30011
30119
30208
30247
30257
30261
30262
30263
30275
30276
30287
30288
30296
30350
30351
30404
30409
30410
30412
30413
30430
30532
30552
30579
30612
30615
30627
30638
30639
30661
30708
30711
30742
30752
30753
30754
30854
30893
30895
31021
31030
31032
31033
31038
31048
31056
31064
31081
31114
31115
31121
31125
31132
31151
31152
31155
31166
31167
31168
31227
31232
31234
31256
31295
31305
31359
31360
31361
31362
31368
31388
31667
31688
31691
31693
31753
31787
31789
31816
31817
31823
31840
31865
31867
31884
31885
31886
31887
31888
31889
31890
31896
31943
31959
32032
32100
32518
32534
32542
32552
32569
32662
32674
32732
32733
32743
33251
33260
33267
33271
33288
33289
33521
33562
33564
33566
33567
33568
33569
33571
33573
33579
33624
33664
33666
33672
33673
33709
33711
33733
33734
33735
33737
33752
33796
33811
33818
33849
33865
33866
33889
33892
33903
33920
33952
33994
33996
34033
34036
34085
34096
34163
34239
34243
34267
34308
34350
34418
34420
34421
34429
34453
34476
34602
34627
34629
34669
34674
34870
34871
34872
34886
34902
35100
35107
35108
35191
35284
35327
35330
35337
35339
35361
35393
35407
35410
35411
35451
35472
35473
35474
35475
35476
35487
35488
35489
35490
35491
35492
35493
35495
35536
35547
35555
35560
35561
35562
35563
35564
35565
35713
35716
35719
35757
35767
36006
36038
36073
36095
36128
36132
36135
36144
36154
36174
36201
36202
36203
36228
36231
36241
36253
36255
36275
36304
36305
36337
36376
36380
36447
36459
36471
36512
36520
36529
36581
36637
36649
36650
37001
37005
37006
37009
37014
37015
37137
37199
37200
37201
37204
37231
37250
37252
37253
37254
37262
37270
37324
37325
37326
37327
37443
37444
37445
37448
38007
38008
38009
38010
38033
38066
38069
38118
38125
38126
38138
38209
38245
38247
38263
38264
38346
38358
38384
38426
38546
38547
38548
38549
39129
39133
39159
39165
39252
39285
39306
39351
39364
39365
39434
39491
39501
39502
39504
39535
39555
39559
39607
39630
39634
39673
39710
39762
39830
39851
39852
39871
39887
39905
40009
40046
40049
40062
40090
40129
40158
40159
40169
40185
40186
40262
40290
40344
40358
40359
40360
40361
40362
40363
40364
40365
40376
40435
40476
40477
40479
40485
40534
40572
40573
40693
40698
40700
40833
40886
40902
40903
40908
40922
40963
40965
40966
40967
40992
40993
40994
40995
41002
41003
41004
41005
41006
41030
41060
41061
41118
41188
41189
41190
41258
41280
41320
41331
41481
41483
41499
41526
41538
41543
41549
41618
41663
41688
41709
41759
41787
41792
41804
41868
41869
41882
41883
41900
41903
41921
41935
42000
42041
42061
42079
42080
42081
42082
42115
42130
42139
42142
42143
42144
42145
42146
42147
42148
42149
42150
42151
42152
42153
42154
42158
42327
42337
42370
42406
42407
42415
42416
42447
42448
42449
42450
42451
42484
42519
42522
42523
42524
42537
42600
42726
42727
42735
42744
42750
42911
42918
42936
42977
42978
43015
43016
43074
43125
43136
43138
43246
43247
43248
43391
43399
43400
43426
43430
43439
43457
43461
43490
43608
43721
43722
43729
43739
43823
43847
43853
44009
44030
44269
44270
44292
44351
44361
44385
44394
44396
44414
44415
44568
44609
44619
44667
44668
44677
44751
44753
44783
44784
44785
44788
44802
44819
44824
44882
44926
44996
46025
46026
46027
47105
47106
47123
47139
47174
47189
47201
47207
47213
47218
47227
47244
47246
48031
48033
48034
48035
48036
48039
48040
48110
48136
48137
48155
49015
49017
49019
49027
49516
49520
49521
49522
49566
49582
49583
49585
49586
49587
49686
49687
49706
49707
49708
49747
49748
49752
49756
49758
49910
50169
50185
50186
50216
50218
50244
50265
50325
50326
50329
50331
50388
50415
50427
50444
50503
50541
50725
50727
50732
50733
50736
50738
50787
50794
50819
50979
50980
50981
50982
50988
50994
51017
51089
51159
51207
51237
51243
51247
51261
51264
51285
51479
51507
51516
51535
51573
51607
51608
51609
51610
51611
51612
51613
51676
51679
51680
51759
51838
51839
51840
51841
51847
51894
51982
51984
51985
51988
52033
52034
52035
52036
52037
52038
52039
52152
52159
52162
52165
52195
52216
52241
52274
52290
52291
52292
52347
52351
52353
52376
52385
52512
52535
52673
52692
52758
52813
52954
52958
52971
52994
52999
53001
53002
53007
53018
53057
53058
53059
53071
53080
53081
53086
53088
53100
53200
53201
53234
53237
53311
53336
53459
53462
53505
53519
53525
53535
53541
53542
53543
53545
53555
53603
53687
53705
53706
53707
53745
53824
53828
53869
53870
53929
53930
53931
53970
53971
53981
53984
53987
54024
54120
54121
54129
54185
54188
54245
54255
54266
54343
54375
54422
54465
54474
54546
54595
54596
54698
54776
54852
54873
54985
55013
55054
55055
55056
55057
55058
55059
55060
55061
55080
55115
55116
55117
55131
55132
55133
55134
55135
55136
55297
55298
55564
55594
55601
55926
56003
56006
56007
56028
56089
56090
56092
56093
56094
56095
56096
56099
56100
56101
56106
56117
56160
56251
56252
56253
56254
56273
56281
56291
56313
56314
56318
56382
56390
56439
56440
56458
56459
56466
56602
56603
56606
56607
56608
56667
56699
56701
56710
56717
56718
56791
56856
56896
56901
56906
56963
56978
57506
57596
57600
57611
57618
57620
57634
57643
57648
57654
57792
57793
57807
57832
57833
57842
57969
57975
57985
57986
58015
58038
58039
58041
58050
58063
58080
58089
58090
58188
58201
58599
58612
58638
58672
58675
58693
58721
58726
58764
58793
58805
58849
58874
58915
58916
59102
59123
59142
59143
59158
59195
59196
59243
59329
59345
59359
59371
59372
59435
59436
59437
59438
59439
59446
59451
59452
59460
59476
59515
59516
59624
59625
59626
59627
59628
59629
59630
59631
59632
59633
59634
59635
59636
59637
59639
59657
59697
59698
59723
59724
59725
59726
59823
59826
59834
59851
59878
59894
59921
59966
59968
59969
59972
59973
60006
60013
60014
60025
60110
60188
60246
60250
60262
60372
60402
60417
60435
60439
60440
60441
60499
60523
60524
60538
60539
60540
60541
60542
60547
60548
60549
60550
60551
60552
60553
60554
60555
60556
60557
60558
60577
60586
60611
60615
60621
60635
60683
60726
60727
60728
60729
60730
60731
60732
60733
60734
60735
60736
60737
60738
60739
60740
60741
60742
60743
60744
60745
60759
60762
60813
60845
60847
60851
60858
60870
60871
60872
60873
60874
60875
60876
60877
60878
60879
60880
60893
60935
60949
60957
61107
61117
61122
61123
61136
61168
61169
61198
61217
61243
61256
61275
61277
61278
61318
61324
61326
61342
61351
61354
61365
61399
61427
61428
61466
61467
61468
61469
61470
61471
61472
61473
61515
61522
61523
61544
61556
61557
61559
61560
61677
62035
62215
62219
62222
62225
62240
62351
62368
62375
62390
62538
62542
62543
62544
62554
62555
62556
62591
62607
62653
62654
62664
62711
62742
62748
62749
62768
62769
62856
62968
62981
63058
63137
63138
63149
63178
63228
63229
63230
63269
63287
63301
63311
63362
63381
63398
63423
63424
63494
63518
63520
63585
63634
63639
63704
63711
64613
64638
64661
64686
64754
64763
64766
64770
64878
64879
64925
64927
64934
64935
64938
65004
65034
65035
65036
65037
65038
65039
65057
65058
65059
65060
65074
65075
65088
65089
65090
65117
65118
65148
65170
65175
65176
65179
65181
65183
65186
65196
65221
65300
65334
65447
65453
65454
65455
65456
65457
65458
65460
65461
65477
65480
65503
65507
65614
65649
65666
65677
65699
65713
65730
65731
65732
65738
65780
65783
65785
65838
65947
66000
66013
66028
66029
66079
66098
66163
66203
66204
66205
66206
66277
66280
66315
66317
66347
66379
66490
66534
66548
66628
66629
66665
66767
66776
66806
66826
66827
66903
66938
66948
66949
66950
66951
66952
66953
66954
66955
66956
66957
66958
66959
66960
66961
66962
66963
66964
66965
66971
67016
67018
67108
67117
67121
67122
67123
67124
67125
67126
67146
67147
67148
67150
67151
67160
67204
67205
67221
67241
67260
67261
67263
67284
67332
67333
67346
67347
67362
67370
67387
67388
67389
67390
67391
67392
67435
67500
67518
67519
67524
67559
67582
67589
67590
67604
67605
67660
67663
67664
67665
67666
67769
67826
67837
67838
67880
67978
67982
68008
68017
68046
68067
68068
68151
68226
68290
68308
68335
68339
68358
68426
68505
68655
68696
68710
68763
68765
68766
68767
68768
68769
68779
68794
68812
68813
68814
68815
68901
68906
68907
68913
68921
68960
68982
69016
69044
69142
69143
69145
69167
69307
69308
69311
69312
69317
69318
69349
69360
69393
69438
69439
69441
69571
69587
69632
69675
69685
69688
69746
69747
69752
69754
69755
69800
69853
71019
71028
71039
71085
71101
71219
71221
71313
71320
71355
71364
71365
71397
71432
71434
71446
71451
71499
71535
71536
71582
71583
71602
71606
71683
71762
71867
71876
71878
72110
72118
72206
72217
72218
72237
72254
72285
72287
72299
72315
72319
72320
72353
72361
72387
72409
72485
72515
72518
72545
72546
72557
72617
72721
72764
72812
72813
72815
72846
72887
72920
72921
72922
72926
72985
72991
72997
73000
73008
73101
73178
73179
73209
73217
73278
73281
73300
73354
73361
73397
73411
73460
73478
73505
73506
73614
73637
73638
73639
73640
73641
73706
73716
73722
73723
73759
73760
73761
73787
73898
73899
73906
73907
73908
73909
73910
73928
73985
74029
74145
74150
74163
74210
74211
74424
74463
74475
74500
74502
74520
74521
74529
74537
74539
74540
74551
74556
74565
74633
74649
74650
74654
74680
74702
74705
74741
74742
74743
74744
74745
74746
74747
74748
74749
74750
74751
74752
74753
74754
74755
74790
74814
74825
74875
74877
74888
74889
74896
74902
74904
74905
74937
74965
75046
75047
75079
75128
75134
75221
75222
75244
75384
75390
75401
75409
75410
75411
75427
75435
75451
75473
75499
75576
75588
75656
75660
75661
75662
75663
75666
75667
75670
75720
75721
75722
75723
75724
75725
75726
75727
75728
75729
75816
75891
75933
75934
75955
75956
75984
76028
76056
76070
76078
76080
76089
76090
76091
76100
76118
76159
76173
76174
76186
76195
76199
76201
76202
76204
76205
76212
76227
76235
76251
76258
76270
76272
76273
76382
76413
76420
76422
76426
76427
76436
76620
76638
76639
76653
76668
76669
76681
76763
76790
76793
76797
76842
76845
76848
76926
76964
76980
77046
77052
77060
77071
77096
77115
77132
77142
77153
77154
77196
77241
77242
77277
77291
77313
77321
77333
77334
77335
77343
77389
77421
77422
77423
77424
77425
77458
77459
77460
77538
77539
77540
77541
77542
77597
77598
77618
77669
77670
77679
77739
77811
77812
77865
77912
77919
77960
77991
78029
78069
78114
78194
78237
78287
78288
78289
78290
78291
78292
78293
78294
78295
78296
78297
78298
78299
78300
78311
78331
78392
78475
78677
78712
78719
78846
78849
78869
78891
78893
78895
78902
78905
78906
78924
78928
78955
79086
79087
79091
79092
79099
79114
79341
79378
79395
79408
79409
79455
79478
79479
79550
79551
79552
79553
79554
79555
79574
79593
79595
79608
79609
79615
79629
79634
79635
79636
79637
79638
79639
79640
79641
79642
79643
79644
79662
79693
79698
79718
79721
79734
79797
79868
79879
79936
80007
80008
80025
80026
80056
80057
80084
80085
80107
80170
80184
80203
80316
80337
80338
80339
80340
80341
80350
80376
80392
80418
80459
80472
80554
80555
80576
80606
80645
80646
80651
80772
80798
80802
80871
80872
80873
80874
80932
81004
81007
81008
81009
81010
81011
81012
81013
81072
81087
81096
81167
81203
81219
81221
81222
81223
81231
81381
81467
81468
81485
81547
81549
81589
81660
81748
81750
81751
81759
81863
81864
81870
81902
81903
81904
82090
82151
82182
82204
82218
82226
82228
82233
82375
82376
82378
82504
82520
82535
82609
82639
82658
82659
82660
82803
82843
82884
82981
82982
82983
82984
83051
83087
83231
83265
83323
83324
83325
83326
83361
83367
83449
83450
83451
83452
83453
83454
83455
83486
83493
83524
83645
83678
83690
83724
83780
83781
83782
83783
83784
83785
83786
83787
83835
84021
84022
84033
84114
84212
84227
84245
84370
84461
84575
84608
84609
84610
84618
84649
84650
84683
84734
84736
84737
84739
84763
84782
84789
84848
84868
85073
85200
85201
85202
85203
85204
85319
85325
85326
85335
85341
85345
85349
85404
85405
85416
85491
85499
85579
85597
85617
85619
85742
85744
85786
85849
85853
85857
85860
85890
85891
85892
86341
86342
86504
87116
87117
87178
87179
87180
87181
87196
87360
87436
87438
87439
87462
87466
87581
87582
87583
87619
87620
87621
87759
87767
87830
87833
87895
87969
87983
87984
87988
87989
87991
87992
88043
88098
88101
88146
88259
88349
88354
88366
88367
88375
88376
88377
88378
88388
88424
88455
88464
88574
88639
88640
88644
88670
88701
88702
88703
88775
88827
88828
88861
88862
88863
88864
88878
88887
88888
88889
88982
89011
89092
89142
89173
89258
89356
89357
89358
89359
89360
89361
89362
89363
89364
89365
89366
89386
89400
89401
89402
89403
89404
89405
89406
89407
89411
89412
89413
89417
89423
89459
89468
89525
89543
89575
89590
89591
89592
89593
89594
89595
89596
89597
89598
89599
89606
89620
89650
89651
89658
89659
89660
89661
89669
89685
89687
89980
89985
90049
90123
90145
90146
90424
90550
90551
90552
90553
90554
90555
90556
90615
90630
90631
90632
90693
90777
90811
90926
90927
90941
90991
91036
91037
91062
91088
91186
91187
91188
91197
91258
91453
91496
91527
91546
91551
91579
91749
91786
91791
91808
91834
91835
91836
91888
91889
91890
91891
91892
91893
91894
91895
91896
91899
91962
92047
92156
92198
92293
92308
92310
92316
92335
92363
92405
92418
92469
92470
92479
92493
92561
92562
92582
92609
92625
92632
92633
92635
92636
92637
92750
92907
92913
92953
92954
92963
92978
93016
93070
93072
93074
93076
93078
93098
93152
93237
93238
93389
93390
93395
93440
93441
93442
93443
93444
93445
93481
93492
93543
93553
93599
93653
93674
93675
93676
93677
93699
93704
93792
93794
93804
93974
94063
94079
94081
94082
94083
94089
94132
94135
94137
94139
94215
94216
94299
94339
94340
94385
94394
94395
94396
94397
94454
94455
94456
94460
94566
94573
94740
94741
94743
95065
95066
95110
95112
95138
95139
95140
95141
95192
95208
95220
95221
95222
95223
95238
95239
95241
95264
95265
95370
95437
95439
95518
95520
95521
95522
95523
95536
95537
95538
95539
95594
95595
95661
95662
95664
95665
95667
95668
95670
95672
95674
95675
95715
95739
95777
95778
95779
95786
95813
95847
95848
95971
96133
96134
96139
96245
96291
96510
96559
96591
96610
96612
96688
96722
96739
96946
97028
97029
97400
97459
97460
97461
97462
97507
97539
97567
97568
97569
97747
97762
97764
97766
97767
97927
97992
97993
98168
98191
98192
98410
98683
98684
98686
98722
98739
98785
98786
98807
98808
98809
98810
98811
98812
98813
98814
98815
98816
98817
98818
98819
98820
98901
99061
99063
99090
99127
99303
99382
99383
99499
99503
99504
99507
99581
99599
99600
99601
99602
99603
99646
99698
99714
99736
99779
99860
99894
99956
99999
100140
100200
100249
100290
100299
100301
100303
100304
100305
100355
100395
100396
100397
100398
100399
100438
100450
100451
100452
100453
100454
100455
100456
100457
100477
100482
100492
100533
100544
100545
100546
100547
100548
100549
100550
100551
100552
100562
100563
100564
100607
100623
100681
100693
100706
100725
100782
100834
102052
102053
102061
102318
102385
102386
102423
102433
102438
102441
102451
102453
102454
102456
102483
102531
102532
102542
102552
102553
102554
102555
102582
102642
102646
102671
102672
102673
102682
102683
102684
102685
102687
102689
102705
102708
102722
102731
102732
102737
102738
102755
102799
102800
102996
102997
103079
103092
103132
103142
103473
103474
103582
103583
103618
103619
103634
103635
103636
103641
103642
103644
103660
103661
103681
103682
103697
103698
103699
103734
103856
103857
103861
103874
103885
103886
103948
103950
103991
104162
104188
104273
104305
104323
104324
104332
104337
104487
104498
104557
104558
104559
104561
104564
104601
104602
104769
104770
104771
104847
104848
104859
104920
104926
104927
104936
104937
104945
104946
104955
104956
104960
104964
104965
104980
105001
105002
105017
105020
105222
105327
105334
105335
105336
105339
105343
105344
105353
105354
105357
105376
105377
105458
105459
105462
105463
105469
105470
105477
105529
105546
105673
105674
105689
105690
105707
105724
105729
105739
105819
105933
105972
105973
105993
105995
105996
106004
106005
106022
106195
106213
106225
106226
106236
106237
106303
106357
106471
106506
106699
106786
106932
107033
107085
107089
107117
107253
107256
107333
107419
107420
107424
107472
107500
107514
107574
107617
107665
107666
107814
107857
107862
107916
107932
107955
108128
108129
108146
108289
108294
108295
108319
108321
108322
108436
108482
108521
108583
108629
108650
108651
108675
108677
108812
108813
108826
108838
108861
108903
108935
108983
108990
108991
108992
109006
109076
109145
109162
109165
109235
109236
109251
109252
109254
109255
109256
109259
109260
109281
109292
109293
109310
109314
109325
109327
109343
109348
109349
109365
109366
109374
109429
109432
109620
109739
109784
109797
109889
109890
109973
110011
110028
110229
110284
110285
110471
110500
110528
110536
110537
110635
110673
110743
110809
130003
130021
130032
150082
150120
150193
150194
150195
150206
150258
150279
150300
150302
150326
150387
150388
150389
150390
150430
150527
150619
150648
150674
150701
150702
150703
150743
150744
150746
150829
150913
150926
150936
150937
150938
150939
150985
150997
151032
151036
151104
151138
151139
151153
151176
151184
151185
151196
151207
151224
151227
151313
151315
151343
151385
151390
151435
151488
151568
151569
151570
151571
151572
151573
151574
151575
151576
151577
151586
151617
151695
151696
151703
151706
151720
151787
151788
151789
151790
151907
151929
151987
152131
152339
152440
152441
152442
152443
152572
152573
152574
152575
152576
152588
152589
152590
152591
152592
152593
152679
152758
153055
153058
153101
153105
153173
153174
153222
153307
153327
153406
153453
153454
153543
153544
153545
153546
153699
153814
153831
153832
153833
153834
153835
153836
153864
153887
153888
153889
153890
153891
154073
154074
154117
154123
154175
154181
154182
154257
154258
154273
154286
154289
154344
154346
154360
154363
154512
154601
154602
154603
154604
154607
154608
154609
154610
154681
154682
154683
154685
154716
154752
154802
154803
154804
154808
154994
154995
154996
154997
154998
155004
155005
155009
155010
155011
155012
155126
155127
155151
155156
155174
155175
155253
155273
155274
155282
155306
155307
155308
155309
155310
155316
155317
155346
155423
155554
155580
155635
155665
155732
155733
155791
155817
155818
155831
155832
155834
155835
155836
155837
155838
155839
155847
155848
155928
156236
156259
156338
156366
156367
156368
156481
156676
156678
156838
157016
157017
157018
157019
157020
157021
157022
157023
157024
157025
157026
157027
157166
157301
157302
157398
157402
157428
157433
157457
157477
157512
157549
157550
157603
157756
157800
157886
157887
157933
157941
157982
157988
157992
157993
157994
157995
157996
157997
158194
158198
158378
158379
158380
158381
158382
158383
158384
158385
158386
158387
158388
158389
158390
158647
158648
158649
158650
158651
158652
158756
158757
158758
158759
158878
158901
158916
158955
158976
159107
159177
159207
159250
159266
159280
159321
159351
159390
159479
159550
159551
159552
159553
159678
159910
159955
160108
160148
160149
160172
160196
160233
160234
160235
160321
160378
160380
160430
160691
160705
160706
160707
160708
160709
160776
160793
160822
160823
160894
160914
160942
160943
160944
161017
161023
161057
161063
161064
161077
161080
161099
161100
161102
161103
161104
161109
161110
161111
161112
161113
161114
161115
161116
161117
161118
161119
161120
161121
161122
161123
161124
161125
161126
161133
161272
161340
161341
161391
161392
161393
161394
161418
161419
161479
161593
161594
161702
161709
161737
161754
161782
161817
161908
161910
161911
161928
161929
162043
162044
162045
162046
162047
162048
162056
162073
162074
162099
162100
162101
162102
162105
162106
162107
162108
162119
162158
162250
162261
162282
162347
162348
162384
162406
162491
162616
162617
162620
162623
162624
162724
162750
162766
162767
162768
162777
162808
162897
162898
162899
162900
162901
162902
162919
162920
162921
162922
162923
162924
162925
162926
162927
162981
162982
162983
162984
163013
163014
163143
163144
163195
163228
163253
163254
163255
163322
163353
163373
163376
163382
163387
163496
163497
163503
163510
163511
163559
163560
163561
163562
163600
163601
163660
163697
163792
163817
163818
163835
163868
163870
163889
163890
163915
163981
164049
164050
164054
164056
164171
164172
164176
164620
165076
165120
165165
165190
165206
165207
165208
165211
165212
165213
165214
165216
165262
165294
165315
165316
165333
165335
165371
165372
165373
165378
165385
165401
165425
165467
165498
165579
165614
165871
165872
165902
165958
165959
165960
165988
165989
165992
165993
166016
166021
166022
166023
166024
166025
166026
166027
166028
166049
166085
166086
166087
166088
166089
166090
166091
166198
166207
166225
166253
166255
166256
166441
166442
166443
166444
166456
166457
166485
166566
166567
166586
166587
166589
166590
166673
166674
166766
166815
166816
166827
166912
167237
167293
167294
167295
167307
167308
167309
167310
167311
167312
167313
167314
167315
167316
167376
167377
167393
167519
167530
167531
167555
167556
167655
167811
167834
167858
168162
168206
168215
168216
168410
168415
168448
168463
168524
168575
168592
168723
168724
168763
168775
168792
168793
168803
168810
168902
168903
168905
168953
169008
169051
169052
169110
169112
169166
169167
169168
169169
169171
169175
169176
169179
169252
169253
169254
169255
169256
169257
169258
169259
169260
169261
169262
169263
169264
169265
169266
169267
169268
169269
169270
169271
169272
169283
169284
169285
169286
169288
169290
169292
169294
169295
169296
169298
169299
169300
169302
169303
169306
169307
169309
169311
169313
169315
169377
169396
169407
169412
169468
169469
169548
169549
169583
169664
169731
169758
169759
169760
169766
169767
169890
169891
169892
169893
169894
169895
169896
169897
169898
169899
169900
169901
169902
169903
169904
169905
169906
169907
169909
169910
169911
169912
169970
169974
169980
170043
170090
170225
170227
170476
170481
170492
170495
170496
170500
170502
170503
170504
170506
170511
170514
170515
170519
170520
170522
170527
170532
170533
170535
170536
170537
170538
170539
170545
170552
170586
170760
170772
170796
170799
170847
170925
171007
171011
171064
171065
171066
171090
171091
171092
171172
171173
171174
171175
171178
171179
171180
171181
171182
171183
171198
171202
171236
171333
171372
171374
171430
171433
171449
171451
171458
171459
171479
171579
171662
171689
171813
171866
171988
171989
172053
172054
172060
172166
172178
172212
172330
172335
172343
172344
172345
172346
172377
172524
172595
172596
172600
172601
172720
172721
172722
172723
172724
172725
172726
172727
172728
172729
172730
172731
172732
172796
172914
172916
172988
173014
173026
173119
173179
173374
173375
173432
173434
173438
173487
173488
173490
173504
173552
173553
173748
173757
173760
173761
173762
173763
173764
173795
173842
173863
173864
173891
173893
173895
173932
173933
173934
174027
174041
174048
174049
174050
174061
174065
174116
174118
174238
174289
174342
174489
174577
180108
180138
180180
180289
180314
180324
180337
180338
180339
180389
180394
180438
180439
180440
180445
180457
180528
180547
180562
180563
180564
180570
180596
180602
180778
180801
180845
180950
180951
180952
180953
180972
180973
180974
180990
181056
181074
181075
181076
181086
181087
181089
181091
181115
181116
181117
181118
181119
181120
181185
181289
181324
181338
181358
181465
181500
181557
181650
181720
181750
181751
181752
181768
181769
181770
181782
182001
182051
182052
182053
182054
182247
182248
182249
182250
182251
182276
182277
182278
182279
182284
182300
182301
182308
182309
182352
182353
182360
182429
182470
182471
182484
182485
182507
182533
182544
182545
182572
182573
182604
182605
182606
182607
182609
182710
182711
182717
182734
182742
182743
182755
182761
182762
182763
182764
182798
182829
182830
182837
182838
182944
182948
183037
183043
183094
183095
183096
183098
183110
183160
183162
183180
183195
183242
183385
183408
183446
183447
183452
183453
183487
183701
183712
183767
183771
183837
183874
183914
183925
183932
184052
184053
184054
184055
184056
184057
184078
184089
184090
184091
184092
184093
184094
184095
184096
184097
184098
184099
184100
184101
184102
184164
184219
184279
184281
184327
184338
184368
184375
184376
184378
184446
184448
184455
184467
184497
184562
184563
184564
184565
184626
184645
184649
184652
184714
184791
184824
184825
184862
184863
184905
184909
184910
184911
184918
184921
184922
184925
184926
185106
185279
185308
185350
185374
185384
185407
185464
185488
185489
185517
185518
185519
185520
185521
185522
185523
185555
185610
185615
185623
185624
185625
185627
185637
185664
185693
185694
185695
185696
185697
185698
185699
185700
185701
185831
185847
185882
185885
185886
185893
185936
185944
185966
185969
185970
185972
185999
186000
186027
186038
186056
186057
186058
186059
186060
186262
186404
186426
186437
186457
186458
186459
186460
186572
186575
186588
186607
186608
186609
186610
186620
186636
186638
186639
186640
186641
186642
186725
186727
186801
186830
186831
186836
186838
186883
186895
186899
186944
187039
187040
187082
187133
187134
187240
187244
187255
187256
187257
187291
187292
187293
187294
187295
187296
187303
187480
187481
187484
187490
187492
187505
187534
187535
187561
187596
187619
187637
187662
187669
187705
187717
187735
187920
187963
187964
187965
187966
187967
187969
187973
187975
187981
187982
187983
187984
187985
187987
187988
187989
187991
187993
188005
188038
188056
188111
188149
188269
188273
188325
188326
188397
188401
188415
188448
188449
188451
188466
188467
188493
188494
188521
188522
188523
188524
188525
188644
188654
188659
188660
188890
189047
189057
189086
189111
189112
189155
189174
189201
189222
189225
189247
189318
189367
189368
189381
189680
189752
189753
189825
189826
189844
189939
189940
189941
189944
189946
190042
190064
190065
190072
190074
190075
190085
190131
190368
190369
190424
190591
190593
190594
190601
190613
190614
190615
190624
190630
190631
190632
190647
190656
190705
190716
190717
190718
190719
190731
190771
190772
190785
190835
190920
190921
190922
190924
190937
190941
190972
190996
190998
191009
191113
191170
191171
191173
191175
191176
191186
191203
191232
191243
191252
191281
191282
191342
191359
191360
191364
191365
191366
191414
191415
191416
191417
191424
191425
191426
191427
191428
191429
191464
191491
191493
191506
191556
191563
191592
191631
191639
191640
191641
191648
191657
191658
191659
191660
191661
191662
191664
191667
191668
191681
191683
191684
191749
191773
191776
191783
191786
191787
191788
191790
191828
191829
192060
192140
192142
192144
192309
192310
192311
192314
192327
192369
192404
192405
192406
192407
192408
192409
192470
192566
192739
192774
192816
192817
192818
192819
192820
192821
192822
192823
192844
192845
192873
192874
192875
192876
192877
192878
192879
192880
192881
192889
193047
193088
193089
193216
193265
193267
193269
193271
193352
193444
193491
193552
193569
193614
193690
193793
193797
193799
193800
194052
194078
194079
194113
194151
194152
194155
194248
194249
194250
194273
194331
194348
194586
194588
194589
194597
194713
194714
194715
194716
194717
194718
194719
194807
194992
195082
195083
195084
195115
195130
195131
195183
195184
195251
195256
195305
195306
195422
195432
195500
195647
195840
195903
195904
195905
195906
195907
195954
196150
196230
196297
196298
196310
196345
196424
196432
196449
196567
196568
196627
196628
196755
196756
196758
196784
196872
196875
200009
200043
200051
200062
200109
200112
200129
200130
200133
200134
200145
200155
200211
200212
200213
200219
200252
200296
200299
200326
200377
200392
200408
200440
200441
200478
200637
200638
200695
200709
200721
200722
200723
200724
200725
200726
200727
200728
200729
200730
200731
200732
200733
200734
200735
200736
200779
200780
200869
200876
200890
200895
201056
201057
201112
201113
201114
201115
201135
201140
201141
201142
201143
201147
201148
201155
201173
201190
201208
201209
201245
201252
201253
201254
201255
201256
201352
201353
201354
201436
201511
201514
201515
201516
201517
201518
201519
201535
201620
201653
201685
201705
201706
201729
201806
201828
201829
201830
201831
201832
201833
201834
201844
201845
201891
201900
201940
201947
201948
201949
201974
201977
201979
201993
202077
202080
202148
202186
202187
202188
202242
202243
202346
202358
202359
202387
202388
202389
202453
202454
202536
202540
202541
202603
202641
202681
202786
202787
202793
202835
202836
202837
202838
202853
202879
202907
202917
202934
202971
202992
202994
202996
203088
203095
203116
203141
203234
236435
236436
236561
236756
236757
236779
236780
236789
236790
236791
236792
236810
236815
236816
236829
236830
236831
236832
236835
236836
236837
236838
236855
236856
236857
236858
236890
236892
236933
236949
236962
236963
236996
236997
237000
237001
237032
237105
237106
237107
237108
237109
237154
237155
237156
237157
237203
237337
237385
237386
237387
237524
237526
237581
237710
237716
237784
237787
237798
237820
237988
238073
238202
238484
238590
238611
238612
238613
238614
238615
238616
238617
238618
238619
238620
238621
238622
238623
238624
238625
238626
238627
238628
238629
238630
238631
238632
238633
238634
238635
238636
238637
238656
238657
238658
238659
238660
238661
238723
238745
238746
238747
238748
238749
238751
238752
238753
238754
238755
238756
238757
238945
239000
239001
239110
239208
239209
239245
239296
239321
239322
239323
239324
239354
239369
239438
239582
239592
239593
239640
239665
239690
239691
239692
239693
239713
239731
239746
240138
240139
240140
240141
240237
240330
240332
240414
240415
240416
240417
240418
240419
240420
240421
240422
240423
240424
240425
240426
240427
240428
240429
240462
240463
240464
240465
240466
240467
240468
240469
240484
240663
240697
240860
240899
240930
240955
240956
240968
240974
240981
241176
241177
241178
241179
241180
241181
241182
241183
241184
241185
241186
241187
241398
241420
241443
241444
241445
241829
241907
241908
241909
241929
241942
241969
242011
242012
242013
242014
242015
242021
242022
242023
242024
242025
242027
242028
242029
242030
242056
242098
242104
242105
242106
242138
242236
242239
243495
243549
243672
243749
243794
243798
245001
245045
245055
245057
245074
245075
245076
245077
245078
245079
245080
245171
245319
245320
245321
245322
245323
245324
245353
245354
245393
245395
245397
245404
245405
245410
245413
245414
245417
245419
245420
245421
245424
245426
245429
245430
245441
245442
245445
245450
245452
245453
245470
245500
245569
245595
245599
245665
245667
245747
245783
245834
245847
245887
245904
245906
245907
245944
245945
245946
245979
245988
246004
246005
246111
246112
246139
246140
246244
246245
246278
246299
246483
246541
246542
246543
246544
246545
246546
246648
246660
246664
246730
246731
246777
246778
246786
246855
246857
246859
246888
246898
246899
246900
246901
246902
246932
246945
247060
247061
247066
247089
247099
247141
247188
247189
247193
247194
247195
247197
247200
247201
247202
247204
247205
247206
247207
247208
247220
247248
247255
247256
247272
247273
247482
247483
247484
247490
247491
247492
247493
247539
247564
247601
247602
247622
247649
247653
247807
247812
248025
248042
248046
248051
248063
248083
248122
248227
248228
248351
248364
248365
248366
248371
248374
248375
248376
248377
248379
248380
248395
248414
248433
248454
248459
248460
248461
248462
248463
248464
248725
248878
249129
249155
249157
249215
249403
249506
249566
249632
249647
249656
249724
249777
249780
249795
249799
250011
250123
250124
250131
250176
250189
250269
250379
250396
250409
250496
250498
250523
250558
250561
250562
250594
250699
250709
251010
251018
251019
251020
251041
251042
251043
251064
251068
251076
251133
251182
251311
251418
251419
251420
251421
251422
251423
251424
251425
251426
251432
251657
251665
251666
251811
251824
251938
252073
252134
252135
252148
252227
252309
252310
252429
252464
252485
252558
252562
252588
252619
252620
252663
252719
252725
252728
252731
252740
252743
252746
252749
252752
252755
252758
252761
252764
252767
252770
252773
252776
252840
252879
252901
252902
252903
252904
252905
252907
252908
252909
252910
252911
252912
252913
252914
252915
252916
252917
252918
252919
252920
252921
252922
252923
252924
252946
253030
253053
253061
253063
253245
253443
253553
253556
253698
257115
260003
260010
260055
260150
260259
260263
260289
260410
260440
260446
260569
260570
260571
260572
260595
260686
260824
260828
260876
260877
260887
260895
260951
260964
261067
261068
261069
261070
261071
261072
261073
261074
261075
261076
261077
261078
261079
261080
261081
261082
261083
261084
261085
261086
261087
261088
261089
261090
261091
261092
261093
261094
261095
261132
261189
261190
261204
261390
261393
261453
261517
261557
261582
261585
261661
261810
262078
262090
262104
262105
262131
262132
262230
262231
262232
262233
262234
262269
262273
262318
262349
262356
262357
262398
262399
262400
262402
262503
262504
262505
262506
262507
262579
262588
262598
262676
262716
262975
263028
263049
263050
279579
279580
279582
279589
279590
279591
279599
279623
279624
279643
280011
280022
280044
280045
280056
280098
280099
280100
280101
280130
280154
280179
280205
280253
280269
280270
280299
280328
280329
280391
280424
280443
280458
280459
280460
280461
280462
280463
280464
280465
280466
280467
280468
280489
280490
280492
280493
280495
280497
280499
280518
280519
280526
280576
280604
280605
280617
280661
280755
280778
280873
280917
280918
280921
280933
280965
280995
281205
281206
281280
281293
281299
281304
281336
281343
281534
281563
281565
281593
281622
281641
281694
281782
290002
290019
290023
290109
290133
290205
290206
290207
290208
290250
290298
290318
290326
290334
290335
290336
290339
290343
290344
290345
290370
290407
290410
290459
290478
290479
290480
290483
290484
290496
290503
290513
290514
290515
290516
290517
290518
290519
290520
290521
290522
290523
290524
290525
290526
290527
290528
290529
290530
290531
290532
290533
290534
290535
290536
290537
290538
290539
290540
290541
290542
290543
290544
290545
290546
290547
290548
290554
290555
290556
290557
290558
290559
290560
290561
290562
290563
290564
290565
290566
290567
290568
290569
290570
290571
290572
290573
290574
290575
290576
290577
290578
290579
290580
290581
290582
290594
290596
290617
290618
290619
290620
290644
290645
290669
290670
290671
290672
290700
290701
290718
290719
290731
290732
290738
290739
290833
290872
290873
290874
290875
290876
290877
290878
290879
290889
291072
291133
291134
291135
291214
291215
291216
291217
291295
291374
291375
291377
291388
291391
291434
291437
291440
291441
291535
291621
291622
291623
291624
291907
291917
291933
291934
291935
291940
300020
300031
300110
300111
300119
300120
300141
300149
300190
300191
300222
300249
300259
320194
370009
370035
380105
380382
380397
380402
380403
380405
380406
380468
380469
380470
380471
391014
391303
391305
391354
391428
400053
400264
400461
401026
401042
401207
401589
401780
402000
402031
402033
402081
402272
402290
402406
402439
402441
402458
402545
402573
402574
402669
402773
402856
402925
402926
402964
403035
404165
404200
404534
404660
404851
404986
405134
405193
405256
405322
405782
406200
406359
406381
406563
406949
407159
407293
407294
407548
407549
407768
407809
408060
408111
408552
408553
408775
408899
409210
409222
409484
409506
409539
409541
409544
409548
409553
409556
409611
409632
409663
409674
409692
409724
409778
409803
409808
409840
409898
409909
409910
409919
409974
410061
410101
410188
410198
410247
410312
410315
410384
410390
410391
410393
410394
410399
410630
410632
410708
410769
410781
410785
410797
410801
410828
410829
410954
410967
410992
411018
411019
411087
411088
411111
411179
411190
411230
411253
411282
411417
411442
411463
411505
411518
411612
411630
411632
411634
411684
411685
411757
411777
411788
411837
411856
411878
411879
411880
411928
411954
411955
412035
412037
412038
412039
412040
412106
412107
412126
412142
412143
412159
412297
412313
412606
412607
412618
412662
412799
412830
412838
412955
412972
412977
412999
413041
413050
413125
413151
413207
413210
413238
413267
413342
413705
413706
413754
413755
413756
413757
413899
413942
414021
414041
414048
414122
414123
414175
414329
414330
414409
414564
415056
415217
415258
415259
415462
415479
415537
415547
415548
415628
415768
415817
415874
415918
415950
415951
416014
416260
416303
416393
416429
416443
416605
416650
416651
416653
416669
416931
417002
417246
417276
417277
417278
417279
417280
417281
417282
417283
417284
417285
417286
417324
417373
417429
417430
417437
417513
417562
417564
417565
417604
417689
417735
417769
417821
417822
417829
417870
417872
418603
418605
418606
418676
418677
418735
418736
418737
418777
418853
418933
418976
418991
418992
418993
418994
419121
419125
419126
419201
419202
419222
419337
419355
419683
419717
419767
419775
419776
419777
419855
419918
420082
420137
420234
420250
420251
420291
420292
420352
420381
420437
420521
420534
420535
420550
420586
420638
420677
420726
420728
420851
420927
420974
421109
421110
421111
421112
421113
421115
421116
421117
421118
421252
421261
421295
421461
421479
421480
421481
421489
421490
421491
421492
421493
421494
421507
421532
421609
421673
421708
421806
421807
421808
421861
421914
421915
421998
422033
422058
422132
422191
422270
422328
422591
422593
422686
422707
422709
422725
422858
422862
422884
422962
422982
422990
423033
423034
423045
423230
423350
423351
423459
423614
423682
423683
423828
423829
423830
423923
423939
423982
423983
423990
423992
424067
424150
424249
424345
424346
424349
424468
424502
424511
424513
424514
424515
424548
424553
424578
424579
424671
424672
424686
424818
424820
425116
425117
425119
425136
425137
425149
425311
425466
425467
425536
425697
425783
425834
425869
425912
425914
425915
425918
425942
426033
426138
426292
426524
426551
426552
426554
426579
426618
426620
426627
426752
426753
426852
426943
426956
427047
427048
427064
427109
427115
427126
427677
428176
428285
428356
428357
428450
428451
428560
428562
428724
428727
428737
428769
428779
428802
428909
428975
429016
429458
429725
429727
429738
429814
429826
430123
430160
430270
430291
430292
430299
430708
430709
430710
430711
430861
430917
430918
430919
430920
430921
430922
431176
431533
431754
431760
431846
431885
432269
432489
600112
600224
600299
600409
600442
600519
600664
600815
601018
601182
601315
601417
601484
601586
601587
601595
601596
601614
601621
601839
601992
602015
602016
602041
602269
602345
602356
602358
602360
602489
602898
603022
603118
603133
603210
603250
603459
603563
603577
603593
603614
603615
603622
603625
603628
603629
603631
603641
603651
603669
603670
603671
603672
603673
603788
603826
603827
603845
603868
603880
604017
604410
604416
604497
604498
604499
604500
604501
604515
604516
604517
604518
604623
604692
604694
604698
605791
605793
606181
606532
606533
606535
606590
606611
606614
606622
606667
606679
606680
606682
606685
606704
606705
606733
606737
606738
607481
607482
607484
607485
607487
607535
607619
607626
607728
607735
607756
607972
607974
608280
608322
608323
608456
608658
608663
608670
608672
608682
608686
608690
608781
608782
608790
608797
608799
608803
608811
608814
608815
608967
608978
609523
609538
609613
609617
609703
609713
609721
609743
609899
609906
609965
609966
610034
610073
610275
610293
610452
610464
610470
610472
610474
610480
610492
610530
610753
610846
610878
610910
611956
612166
612167
612171
612227
612233
612451
612456
612459
612460
612562
613135
613409
613423
614046
614047
614205
615156
615157
615341
615679
615792
615794
615832
615834
615837
615891
615982
616030
616039
616040
616077
616097
616098
616099
616129
616204
616206
616267
616310
616354
616363
616367
616533
616575
616808
616811
616812
616814
616824
616995
616997
617912
617913
617914
618069
618271
618272
618284
618806
619188
619210
619438
619440
619441
619442
619446
619447
619449
619452
619462
619563
619564
619964
620293
620295
620296
620407
622529
622533
622884
622905
622985
623049
623050
623053
623057
623080
623116
623118
623121
623126
623206
623207
623209
623211
623228
623230
623418
623430
623460
623489
623490
623496
623633
623637
623662
623806
623956
623958
623960
623961
624010
624027
624126
624129
624133
624141
624143
624144
624157
624165
624166
624169
624171
624172
624173
624177
624214
624216
624264
624326
624333
624575
624580
624599
624795
624798
624834
624867
624879
624893
624900
624901
624909
624925
624932
624957
624959
625007
625083
625128
625260
625262
625263
625264
625269
625282
625285
625286
625289
625291
625292
625303
625306
625312
625314
625318
625462
625468
625473
625477
625481
625484
625488
625553
625573
625577
625579
625587
625591
625597
625603
625616
625623
625630
625634
625642
625667
625675
625704
626107
626487
626498
626502
626514
626633
626718
627022
627027
627028
627033
627052
627055
627060
627062
628019
628385
628386
628393
628623
628767
628775
628777
628916
629379
629380
629386
629398
629405
629426
629433
629435
631721
631850
631984
631998
631999
632006
632016
632022
632023
632024
632211
632396
632432
632441
633029
633036
633038
633046
633050
633132
633134
633135
633140
633141
633207
633245
633246
633255
633275
633302
633304
633396
633420
633429
633433
633456
633467
633469
633479
633480
633482
633490
633528
633531
633533
633534
633535
633537
633544
633545
633550
633552
633623
633740
633747
633753
633760
633761
633766
633870
633877
633925
633930
633937
633946
633950
634034
634075
634079
634083
634084
634085
634088
634091
634096
634097
634099
634100
634102
634103
634105
634106
634107
634108
634117
634122
634253
634255
634320
634613
634639
634707
634715
634857
634860
634864
634865
634869
635208
635300
635554
636541
636545
636547
636548
636554
636594
636847
637001
637011
637019
637029
637070
637071
637098
637356
637358
637362
637364
637960
638269
638341
638409
638912
638931
638947
639065
639119
639819
639954
639955
639956
639958
640025
640098
640100
640107
640117
640134
640213
640336
640339
640489
640492
640498
640512
640656
640973
640974
641030
641031
641036
641051
641065
641175
641180
641183
641249
641256
641273
641276
641321
641323
641350
641376
641449
641488
641507
641513
641518
641519
641520
641521
641522
641523
641524
641526
641529
641532
641535
641540
641542
641543
641545
641549
641676
641747
641750
641752
642150
642242
642255
642257
642266
642322
642665
642749
642815
642996
643105
643107
643108
643109
643111
643114
643120
643121
643152
643153
643156
643157
643158
643159
643161
643173
643186
643187
643197
643200
643213
643217
643220
643229
643290
643311
643312
643318
643324
643325
643327
643377
643383
643387
643391
643395
643396
643415
643424
643427
643428
643434
643435
643436
643437
643438
643439
643441
643443
643444
643445
643450
643451
643453
643456
643511
643513
643514
643515
643517
643519
643522
643523
643527
643529
643530
643532
643533
643535
643616
643621
643647
643653
643705
643736
643742
643875
643894
643895
643896
643902
643910
643915
643974
643979
644069
644175
644181
644485
644500
644683
644701
644917
644994
645037
645257
645296
645332
645339
645386
645435
646096
646098
646099
646379
646398
646466
646468
646484
646572
646573
646579
646584
646749
646751
646810
647051
647056
647057
647058
647059
647060
647072
647075
647076
647082
647083
647084
647086
647087
647088
647089
647090
647093
647099
647101
647108
647134
647135
647137
647156
647261
647270
647338
647350
647352
647373
647376
647377
647604
647610
647613
647637
647640
648357
648427
648807
648912
648916
648921
648964
649056
649063
649092
650044
650051
650119
650236
650527
650530
650535
650536
650541
650690
650691
650692
650737
650738
650789
651178
651186
651201
651203
651207
651212
651214
651217
651814
652324
652335
652420
652424
652544
652605
652612
652615
652616
652618
652621
652783
652785
653197
653404
653454
653455
653460
653464
653468
653507
653508
653510
653517
653523
654040
654948
656056
656327
656541
656818
656846
656867
656885
656907
656924
657172
657254
657338
657406
657407
657415
657491
657493
657494
657601
657906
657914
657919
657985
657990
657997
657998
658018
658150
658265
658488
658523
658700
658702
658704
659019
659021
659022
659057
659538
659541
659547
659656
659669
659748
659829
659856
659883
659941
659956
660368
670006
670010
670019
670020
670038
670051
670060
670073
670075
670092
670100
670104
670110
670125
670128
670129
670138
670139
670156
670158
670160
670164
670197
670198
670200
670201
670206
670252
670253
670271
670280
670287
670338
670354
670355
670357
670366
670385
670397
670398
670399
670400
670402
670413
670414
670475
670482
670485
670497
670501
670502
670505
670506
670544
670545
670561
670566
670567
670570
670573
670583
670591
670592
670593
670594
670598
670599
670600
670601
670602
670610
670613
670618
670621
670622
670623
670625
670626
670633
670659
670706
670707
670709
670727
670728
670735
670743
670759
670792
670820
670844
670854
670873
670879
670883
670888
670891
670895
670902
670904
670920
670929
670968
670969
670975
671035
671080
671081
671082
671083
671084
671085
671086
671087
671088
671093
671094
671099
671107
671108
671112
671158
671161
671171
671172
671173
671174
671175
671176
671177
671178
671179
671284
671285
671324
671332
671334
671340
671343
671345
671364
671365
671366
671368
671369
671370
671372
671373
671374
671396
671412
671414
671425
671476
671488
671502
671563
671564
671604
671606
671654
671667
671729
671734
671735
671756
671757
671758
671759
671760
671761
671762
671763
671764
671765
671766
671767
671768
671769
671770
671771
671853
671872
671881
671925
671941
671942
671943
671947
671952
671957
671981
671982
672030
672032
672047
672101
672104
672115
672120
672131
672133
672135
672140
672159
672160
672161
672162
672199
672200
672202
672205
672206
672228
672229
672230
672231
672243
672261
672264
672265
672266
672402
672407
672408
672424
672484
672519
672550
672551
672552
672569
672571
672655
672665
672709
672719
672724
672730
672741
672744
672763
672764
672765
672766
672818
672848
672851
672893
672894
672895
672896
672897
672898
672899
672900
672901
672915
672916
672918
672932
672940
672941
672942
672970
672977
672990
672997
673003
673004
673044
673058
673072
673079
673080
673108
673133
673140
673178
673179
673190
673191
673194
673196
673197
673198
673199
673236
673259
673261
673273
673278
673312
673313
673314
673316
673319
673325
673329
673330
673334
673335
673336
673339
673364
673390
673416
673418
673419
673424
673425
673426
673427
673428
673429
673430
673431
673432
673433
673434
673435
673436
673449
673462
673464
673477
673486
673496
673574
673580
673582
673830
673866
673892
673893
673898
673956
673985
673989
674027
674028
674029
674059
674060
674065
674068
674074
674084
674088
674089
674095
674096
674105
674127
674128
674153
674157
674160
674163
674170
674175
674184
674195
674205
674207
674208
674211
674212
674215
674219
674223
674232
674238
674260
674271
674277
674285
674292
674344
674374
674385
674386
674419
674434
674449
674450
674451
674457
674500
674501
674509
674515
674527
674545
674623
674638
674660
674666
674668
674681
674693
674762
674767
674771
674772
674779
674788
674822
674843
674847
674880
674881
674898
674903
674924
674926
674956
674957
674964
674967
674969
674974
674982
674991
674994
674999
675002
675004
675010
675018
675019
675033
675036
675040
675041
675042
675044
675045
675047
675061
675063
675064
675065
675066
675067
675068
675069
675070
675071
675072
675073
675074
675075
675076
675077
675078
675079
675081
675083
675084
675085
675086
675087
675088
675102
675103
675104
675105
675129
710094
977901
977903